1 1 1000 1 1000 1 1
2 2 1000 2 2 2
3 3 1000 1000 3 3 3
4 4 1000 1000 4 4 4
5 5 1000 1000 5 5 5
6 6 Leave 6 6 6
7 7 Leave 7 7 7
8 8 1000 8 8 8
9 1000 9 1000 9 9 9
10 1000 10 1000 10 10 10
11 1000 11 1000 11 11 11
12 1000 12 1000 900 12 12 12
13 1000 1000 13 1000 1000 13 13 13
14 1000 14 1000 1000 14 14 14
15 1000 15 1000 800 15 15 15
16 1000 500 16 1000 16 16 16
17 1000 1000 17 1000 17 17 17
18 1000 1000 18 1000 1600 18 18 18
19 1000 19 1000 19 19 19
20 1000 20 1000 20 20 20
21 1000 1000 21 1000 21 21 21
22 1000 1000 22 1000 22 22 22
23 1000 1000 23 1000 1800 23 23 23
24 1000 24 1000 24 24 24
25 1000 25 1000 25 25 25
26 1000 26 1000 26 26 26
27 1000 27 1000 27 27 27
28 1000 28 1000 28 28 28
29 1000 29 29 29 29
30 1000 1100 30 30 30 30
31 1000 31 31 31 31
