1 1 0 1 Monday 1000 2000 Oil + Kamaniya 1 Thursday 1000 700 1 Sunday 1000 300 700
2 2 0 2 1000 2 Friday 1000 2 Monday 1000 1000
3 3 1000 3 1000 3 Saturday 1000 3 Tuesday 1000 1000
4 4 1000 700 4 1000 4 Sunday 1000 4 Wednesday 1000 1000 Waseem Abbass End
5 5 1000 5 1000 5 Monday 1000 5 Thursday Leave -
6 6 1000 6 1000 6 Tuesday 1000 6 Friday Leave -
7 1000 7 1000 7 Sunday 1000 7 Wednesday 1000 7 Saturday Leave -
8 1000 8 1000 8 1000 800 Oil 8 Thursday 1000 700 8 Sunday 1000 1000
9 1000 9 1000 9 1000 9 Friday 1000 500 9 Monday 1000 300 700
10 1000 1000 10 1000 10 1000 700 Break shu 10 Saturday Leave 10 Tuesday 1000 1000
11 1000 11 1000 11 1000 11 Sunday 1000 1000 11 Wednesday 1000
12 1000 12 1000 12 1000 12 Monday 1000 1000 12 Thursday 1000
13 13 1000 800 13 1000 13 Tuesday 1000 1000 13 Friday 1000 1000
14 1000 14 1000 14 Sunday 1000 14 Wednesday 1000 1000 14 Saturday 1000 1000
15 1000 15 Leave 15 1000 15 Thursday 1000 1000 15 Sunday 1000 1000
16 1000 16 1000 350 16 1000 16 Friday 1000 1000 16 Monday 1000 1000
17 1000 17 1000 17 1000 700 17 Saturday 1000 1000 17 Tuesday 1000 1000
18 1000 18 1000 18 1000 18 Sunday 1000 1000 18 Wednesday 1000 1000
19 1000 19 1000 19 1000 19 Monday 1000 4000 19 Thursday 1000 1000
20 1000 1000 20 1000 700 20 1000 20 Tuesday 1000 20 Friday 1000
21 1000 21 1000 21 Sunday 1000 21 Wednesday 1000 21 Saturday 1000
22 1000 22 Leave 22 1000 22 Thursday 1000 22 Sunday 1000 1000
23 1000 23 Leave 23 1000 23 Friday 1000 23 Monday 1000
24 1000 24 Leave 24 1000 24 Saturday 1000 1200 Oil 24 Tuesday 1000
25 1000 25 1000 25 1000 700 Oil 25 Sunday 1000 1000 25 Wednesday 1000 1000
26 1000 26 1000 500 26 1000 800 Wires 26 Monday 1000 1000 26 Thursday 1000
27 1000 27 1000 27 1000 27 Tuesday 1000 1000 5000 27 Friday 1000
28 1000 1000 28 1000 28 Sunday 1000 28 Wednesday 1000 1000 28 Saturday 1000 1000
29 1000 29 1000 29 1000 29 Thursday 1000 1000 29
30 1000 30 1000 30 1000 30 Friday 1000 1000 30
31 31 31 1000 31 Saturday 1000 1000 31